166833.0000000000
166833.0000000000
166833.0000000000
167835.0000000000
167832.0000000000
167832.0000000000
168837.0000000000
168831.0000000000
168831.0000000000
169839.0000000000
169830.0000000000
169830.0000000000
170841.0000000000
170829.0000000000
170829.0000000000
171843.0000000000
171828.0000000000
171828.0000000000
172845.0000000000
172827.0000000000
172827.0000000000
173847.0000000000
173826.0000000000
173826.0000000000
174849.0000000000
174825.0000000000
174825.0000000000
175851.0000000000
175824.0000000000
175824.0000000000
176853.0000000000
176823.0000000000
176823.0000000000
177855.0000000000
177822.0000000000
177822.0000000000
178857.0000000000
178821.0000000000
178821.0000000000
179859.0000000000
179820.0000000000
179820.0000000000
180861.0000000000
180819.0000000000
180819.0000000000
181863.0000000000
181818.0000000000
181818.0000000000
182865.0000000000
182817.0000000000
182817.0000000000
183867.0000000000
183816.0000000000
183816.0000000000
184869.0000000000
184815.0000000000
184815.0000000000
185871.0000000000
185814.0000000000
185814.0000000000
186873.0000000000
186813.0000000000
186813.0000000000
187875.0000000000
187812.0000000000
187812.0000000000
188877.0000000000
188811.0000000000
188811.0000000000
189879.0000000000
189810.0000000000
189810.0000000000
190881.0000000000
190809.0000000000
190809.0000000000
191883.0000000000
191808.0000000000
191808.0000000000
192885.0000000000
192807.0000000000
192807.0000000000
193887.0000000000
193806.0000000000
193806.0000000000
194889.0000000000
194805.0000000000
194805.0000000000
195891.0000000000
195804.0000000000
195804.0000000000
196893.0000000000
196803.0000000000
196803.0000000000
197895.0000000000
197802.0000000000
197802.0000000000
198897.0000000000
198801.0000000000
198801.0000000000
199899.0000000000
199800.0000000000
199800.0000000000
200901.0000000000
200799.0000000000
200799.0000000000
201903.0000000000
201798.0000000000
201798.0000000000
202905.0000000000
202797.0000000000
202797.0000000000
203907.0000000000
203796.0000000000
203796.0000000000
204909.0000000000
204795.0000000000
204795.0000000000
205911.0000000000
205794.0000000000
205794.0000000000
206913.0000000000
206793.0000000000
206793.0000000000
207915.0000000000
207792.0000000000
207792.0000000000
208917.0000000000
208791.0000000000
208791.0000000000
209919.0000000000
209790.0000000000
209790.0000000000
210921.0000000000
210789.0000000000
210789.0000000000
211923.0000000000
211788.0000000000
211788.0000000000
212925.0000000000
212787.0000000000
212787.0000000000
213927.0000000000
213786.0000000000
213786.0000000000
214929.0000000000
214785.0000000000
214785.0000000000
215931.0000000000
215784.0000000000
215784.0000000000
216933.0000000000
216783.0000000000
216783.0000000000
217935.0000000000
217782.0000000000
217782.0000000000
218937.0000000000
218781.0000000000
218781.0000000000
219939.0000000000
219780.0000000000
219780.0000000000
220941.0000000000
220779.0000000000
220779.0000000000
221943.0000000000
221778.0000000000
221778.0000000000
222945.0000000000
222777.0000000000
222777.0000000000
223947.0000000000
223776.0000000000
223776.0000000000
224949.0000000000
224775.0000000000
224775.0000000000
225951.0000000000
225774.0000000000
225774.0000000000
226953.0000000000
226773.0000000000
226773.0000000000
227955.0000000000
227772.0000000000
227772.0000000000
228957.0000000000
228771.0000000000
228771.0000000000
229959.0000000000
229770.0000000000
229770.0000000000
230961.0000000000
230769.0000000000
230769.0000000000
231963.0000000000
231768.0000000000
231768.0000000000
232965.0000000000
232767.0000000000
232767.0000000000
233967.0000000000
233766.0000000000
233766.0000000000
234969.0000000000
234765.0000000000
234765.0000000000
235971.0000000000
235764.0000000000
235764.0000000000
236973.0000000000
236763.0000000000
236763.0000000000
237975.0000000000
237762.0000000000
237762.0000000000
238977.0000000000
238761.0000000000
238761.0000000000
239979.0000000000
239760.0000000000
239760.0000000000
240981.0000000000
240759.0000000000
240759.0000000000
241983.0000000000
241758.0000000000
241758.0000000000
242985.0000000000
242757.0000000000
242757.0000000000
243987.0000000000
243756.0000000000
243756.0000000000
244989.0000000000
244755.0000000000
244755.0000000000
245991.0000000000
245754.0000000000
245754.0000000000
246993.0000000000
246753.0000000000
246753.0000000000
247995.0000000000
247752.0000000000
247752.0000000000
248997.0000000000
248751.0000000000
248751.0000000000
249999.0000000000
249750.0000000000
249750.0000000000
251001.0000000000
250749.0000000000
250749.0000000000
252003.0000000000
251748.0000000000
251748.0000000000
253005.0000000000
252747.0000000000
252747.0000000000
254007.0000000000
253746.0000000000
253746.0000000000
255009.0000000000
254745.0000000000
254745.0000000000
256011.0000000000
255744.0000000000
255744.0000000000
257013.0000000000
256743.0000000000
256743.0000000000
258015.0000000000
257742.0000000000
257742.0000000000
259017.0000000000
258741.0000000000
258741.0000000000
260019.0000000000
259740.0000000000
259740.0000000000
261021.0000000000
260739.0000000000
260739.0000000000
262023.0000000000
261738.0000000000
261738.0000000000
263025.0000000000
262737.0000000000
262737.0000000000
264027.0000000000
263736.0000000000
263736.0000000000
265029.0000000000
264735.0000000000
264735.0000000000
266031.0000000000
265734.0000000000
265734.0000000000
267033.0000000000
266733.0000000000
266733.0000000000
268035.0000000000
267732.0000000000
267732.0000000000
269037.0000000000
268731.0000000000
268731.0000000000
270039.0000000000
269730.0000000000
269730.0000000000
271041.0000000000
270729.0000000000
270729.0000000000
272043.0000000000
271728.0000000000
271728.0000000000
273045.0000000000
272727.0000000000
272727.0000000000
274047.0000000000
273726.0000000000
273726.0000000000
275049.0000000000
274725.0000000000
274725.0000000000
276051.0000000000
275724.0000000000
275724.0000000000
277053.0000000000
276723.0000000000
276723.0000000000
278055.0000000000
277722.0000000000
277722.0000000000
279057.0000000000
278721.0000000000
278721.0000000000
280059.0000000000
279720.0000000000
279720.0000000000
281061.0000000000
280719.0000000000
280719.0000000000
282063.0000000000
281718.0000000000
281718.0000000000
283065.0000000000
282717.0000000000
282717.0000000000
284067.0000000000
283716.0000000000
283716.0000000000
285069.0000000000
284715.0000000000
284715.0000000000
286071.0000000000
285714.0000000000
285714.0000000000
287073.0000000000
286713.0000000000
286713.0000000000
288075.0000000000
287712.0000000000
287712.0000000000
289077.0000000000
288711.0000000000
288711.0000000000
290079.0000000000
289710.0000000000
289710.0000000000
291081.0000000000
290709.0000000000
290709.0000000000
292083.0000000000
291708.0000000000
291708.0000000000
293085.0000000000
292707.0000000000
292707.0000000000
294087.0000000000
293706.0000000000
293706.0000000000
295089.0000000000
294705.0000000000
294705.0000000000
296091.0000000000
295704.0000000000
295704.0000000000
297093.0000000000
296703.0000000000
296703.0000000000
298095.0000000000
297702.0000000000
297702.0000000000
299097.0000000000
298701.0000000000
298701.0000000000
300099.0000000000
299700.0000000000
299700.0000000000
301101.0000000000
300699.0000000000
300699.0000000000
302103.0000000000
301698.0000000000
301698.0000000000
303105.0000000000
302697.0000000000
302697.0000000000
304107.0000000000
303696.0000000000
303696.0000000000
305109.0000000000
304695.0000000000
304695.0000000000
306111.0000000000
305694.0000000000
305694.0000000000
307113.0000000000
306693.0000000000
306693.0000000000
308115.0000000000
307692.0000000000
307692.0000000000
309117.0000000000
308691.0000000000
308691.0000000000
310119.0000000000
309690.0000000000
309690.0000000000
311121.0000000000
310689.0000000000
310689.0000000000
312123.0000000000
311688.0000000000
311688.0000000000
313125.0000000000
312687.0000000000
312687.0000000000
314127.0000000000
313686.0000000000
313686.0000000000
315129.0000000000
314685.0000000000
314685.0000000000
316131.0000000000
315684.0000000000
315684.0000000000
317133.0000000000
316683.0000000000
316683.0000000000
318135.0000000000
317682.0000000000
317682.0000000000
319137.0000000000
318681.0000000000
318681.0000000000
320139.0000000000
319680.0000000000
319680.0000000000
321141.0000000000
320679.0000000000
320679.0000000000
322143.0000000000
321678.0000000000
321678.0000000000
323145.0000000000
322677.0000000000
322677.0000000000
324147.0000000000
323676.0000000000
323676.0000000000
325149.0000000000
324675.0000000000
324675.0000000000
326151.0000000000
325674.0000000000
325674.0000000000
327153.0000000000
326673.0000000000
326673.0000000000
328155.0000000000
327672.0000000000
327672.0000000000
329157.0000000000
328671.0000000000
328671.0000000000
330159.0000000000
329670.0000000000
329670.0000000000
331161.0000000000
330669.0000000000
330669.0000000000
332163.0000000000
331668.0000000000
331668.0000000000
333165.0000000000
332667.0000000000
332667.0000000000
334167.0000000000
333666.0000000000
333666.0000000000
335169.0000000000
334665.0000000000
334665.0000000000
336171.0000000000
335664.0000000000
335664.0000000000
337173.0000000000
336663.0000000000
336663.0000000000
338175.0000000000
337662.0000000000
337662.0000000000
339177.0000000000
338661.0000000000
338661.0000000000
340179.0000000000
339660.0000000000
339660.0000000000
341181.0000000000
340659.0000000000
340659.0000000000
342183.0000000000
341658.0000000000
341658.0000000000
343185.0000000000
342657.0000000000
342657.0000000000
344187.0000000000
343656.0000000000
343656.0000000000
345189.0000000000
344655.0000000000
344655.0000000000
346191.0000000000
345654.0000000000
345654.0000000000
347193.0000000000
346653.0000000000
346653.0000000000
348195.0000000000
347652.0000000000
347652.0000000000
349197.0000000000
348651.0000000000
348651.0000000000
350199.0000000000
349650.0000000000
349650.0000000000
351201.0000000000
350649.0000000000
350649.0000000000
352203.0000000000
351648.0000000000
351648.0000000000
353205.0000000000
352647.0000000000
352647.0000000000
354207.0000000000
353646.0000000000
353646.0000000000
355209.0000000000
354645.0000000000
354645.0000000000
356211.0000000000
355644.0000000000
355644.0000000000
357213.0000000000
356643.0000000000
356643.0000000000
358215.0000000000
357642.0000000000
357642.0000000000
359217.0000000000
358641.0000000000
358641.0000000000
360219.0000000000
359640.0000000000
359640.0000000000
361221.0000000000
360639.0000000000
360639.0000000000
362223.0000000000
361638.0000000000
361638.0000000000
363225.0000000000
362637.0000000000
362637.0000000000
364227.0000000000
363636.0000000000
363636.0000000000
365229.0000000000
364635.0000000000
364635.0000000000
366231.0000000000
365634.0000000000
365634.0000000000
367233.0000000000
366633.0000000000
366633.0000000000
368235.0000000000
367632.0000000000
367632.0000000000
369237.0000000000
368631.0000000000
368631.0000000000
370239.0000000000
369630.0000000000
369630.0000000000
371241.0000000000
370629.0000000000
370629.0000000000
372243.0000000000
371628.0000000000
371628.0000000000
373245.0000000000
372627.0000000000
372627.0000000000
374247.0000000000
373626.0000000000
373626.0000000000
375249.0000000000
374625.0000000000
374625.0000000000
376251.0000000000
375624.0000000000
375624.0000000000
377253.0000000000
376623.0000000000
376623.0000000000
378255.0000000000
377622.0000000000
377622.0000000000
379257.0000000000
378621.0000000000
378621.0000000000
380259.0000000000
379620.0000000000
379620.0000000000
381261.0000000000
380619.0000000000
380619.0000000000
382263.0000000000
381618.0000000000
381618.0000000000
383265.0000000000
382617.0000000000
382617.0000000000
384267.0000000000
383616.0000000000
383616.0000000000
385269.0000000000
384615.0000000000
384615.0000000000
386271.0000000000
385614.0000000000
385614.0000000000
387273.0000000000
386613.0000000000
386613.0000000000
388275.0000000000
387612.0000000000
387612.0000000000
389277.0000000000
388611.0000000000
388611.0000000000
390279.0000000000
389610.0000000000
389610.0000000000
391281.0000000000
390609.0000000000
390609.0000000000
392283.0000000000
391608.0000000000
391608.0000000000
393285.0000000000
392607.0000000000
392607.0000000000
394287.0000000000
393606.0000000000
393606.0000000000
395289.0000000000
394605.0000000000
394605.0000000000
396291.0000000000
395604.0000000000
395604.0000000000
397293.0000000000
396603.0000000000
396603.0000000000
398295.0000000000
397602.0000000000
397602.0000000000
399297.0000000000
398601.0000000000
398601.0000000000
400299.0000000000
399600.0000000000
399600.0000000000
401301.0000000000
400599.0000000000
400599.0000000000
402303.0000000000
401598.0000000000
401598.0000000000
403305.0000000000
402597.0000000000
402597.0000000000
404307.0000000000
403596.0000000000
403596.0000000000
405309.0000000000
404595.0000000000
404595.0000000000
406311.0000000000
405594.0000000000
405594.0000000000
407313.0000000000
406593.0000000000
406593.0000000000
408315.0000000000
407592.0000000000
407592.0000000000
409317.0000000000
408591.0000000000
408591.0000000000
410319.0000000000
409590.0000000000
409590.0000000000
411321.0000000000
410589.0000000000
410589.0000000000
412323.0000000000
411588.0000000000
411588.0000000000
413325.0000000000
412587.0000000000
412587.0000000000
414327.0000000000
413586.0000000000
413586.0000000000
415329.0000000000
414585.0000000000
414585.0000000000
416331.0000000000
415584.0000000000
415584.0000000000
417333.0000000000
416583.0000000000
416583.0000000000
418335.0000000000
417582.0000000000
417582.0000000000
419337.0000000000
418581.0000000000
418581.0000000000
420339.0000000000
419580.0000000000
419580.0000000000
421341.0000000000
420579.0000000000
420579.0000000000
422343.0000000000
421578.0000000000
421578.0000000000
423345.0000000000
422577.0000000000
422577.0000000000
424347.0000000000
423576.0000000000
423576.0000000000
425349.0000000000
424575.0000000000
424575.0000000000
426351.0000000000
425574.0000000000
425574.0000000000
427353.0000000000
426573.0000000000
426573.0000000000
428355.0000000000
427572.0000000000
427572.0000000000
429357.0000000000
428571.0000000000
428571.0000000000
430359.0000000000
429570.0000000000
429570.0000000000
431361.0000000000
430569.0000000000
430569.0000000000
432363.0000000000
431568.0000000000
431568.0000000000
433365.0000000000
432567.0000000000
432567.0000000000
434367.0000000000
433566.0000000000
433566.0000000000
435369.0000000000
434565.0000000000
434565.0000000000
436371.0000000000
435564.0000000000
435564.0000000000
437373.0000000000
436563.0000000000
436563.0000000000
438375.0000000000
437562.0000000000
437562.0000000000
439377.0000000000
438561.0000000000
438561.0000000000
440379.0000000000
439560.0000000000
439560.0000000000
441381.0000000000
440559.0000000000
440559.0000000000
442383.0000000000
441558.0000000000
441558.0000000000
443385.0000000000
442557.0000000000
442557.0000000000
444387.0000000000
443556.0000000000
443556.0000000000
445389.0000000000
444555.0000000000
444555.0000000000
446391.0000000000
445554.0000000000
445554.0000000000
447393.0000000000
446553.0000000000
446553.0000000000
448395.0000000000
447552.0000000000
447552.0000000000
449397.0000000000
448551.0000000000
448551.0000000000
450399.0000000000
449550.0000000000
449550.0000000000
451401.0000000000
450549.0000000000
450549.0000000000
452403.0000000000
451548.0000000000
451548.0000000000
453405.0000000000
452547.0000000000
452547.0000000000
454407.0000000000
453546.0000000000
453546.0000000000
455409.0000000000
454545.0000000000
454545.0000000000
456411.0000000000
455544.0000000000
455544.0000000000
457413.0000000000
456543.0000000000
456543.0000000000
458415.0000000000
457542.0000000000
457542.0000000000
459417.0000000000
458541.0000000000
458541.0000000000
460419.0000000000
459540.0000000000
459540.0000000000
461421.0000000000
460539.0000000000
460539.0000000000
462423.0000000000
461538.0000000000
461538.0000000000
463425.0000000000
462537.0000000000
462537.0000000000
464427.0000000000
463536.0000000000
463536.0000000000
465429.0000000000
464535.0000000000
464535.0000000000
466431.0000000000
465534.0000000000
465534.0000000000
467433.0000000000
466533.0000000000
466533.0000000000
468435.0000000000
467532.0000000000
467532.0000000000
469437.0000000000
468531.0000000000
468531.0000000000
470439.0000000000
469530.0000000000
469530.0000000000
471441.0000000000
470529.0000000000
470529.0000000000
472443.0000000000
471528.0000000000
471528.0000000000
473445.0000000000
472527.0000000000
472527.0000000000
474447.0000000000
473526.0000000000
473526.0000000000
475449.0000000000
474525.0000000000
474525.0000000000
476451.0000000000
475524.0000000000
475524.0000000000
477453.0000000000
476523.0000000000
476523.0000000000
478455.0000000000
477522.0000000000
477522.0000000000
479457.0000000000
478521.0000000000
478521.0000000000
480459.0000000000
479520.0000000000
479520.0000000000
481461.0000000000
480519.0000000000
480519.0000000000
482463.0000000000
481518.0000000000
481518.0000000000
483465.0000000000
482517.0000000000
482517.0000000000
484467.0000000000
483516.0000000000
483516.0000000000
485469.0000000000
484515.0000000000
484515.0000000000
486471.0000000000
485514.0000000000
485514.0000000000
487473.0000000000
486513.0000000000
486513.0000000000
488475.0000000000
487512.0000000000
487512.0000000000
489477.0000000000
488511.0000000000
488511.0000000000
490479.0000000000
489510.0000000000
489510.0000000000
491481.0000000000
490509.0000000000
490509.0000000000
492483.0000000000
491508.0000000000
491508.0000000000
493485.0000000000
492507.0000000000
492507.0000000000
494487.0000000000
493506.0000000000
493506.0000000000
495489.0000000000
494505.0000000000
494505.0000000000
496491.0000000000
495504.0000000000
495504.0000000000
497493.0000000000
496503.0000000000
496503.0000000000
498495.0000000000
497502.0000000000
497502.0000000000
499497.0000000000
498501.0000000000
498501.0000000000
500499.0000000000
